   	       	                                                          fitness                                                          	              size              
   	       	---------------------------------------------------------------------------------------------------------------------------	--------------------------------
gen	time   	avg                        	max                        	min                        	std                        	avg    	max	min	std     
0  	1.95848	[  0.14671584  50.79207921]	[  0.2047619  64.       ]  	[ 0.  0.]                  	[  0.03296778  15.56991058]	2.67327	9  	1  	2.18505 
1  	2.19265	[  0.15852207  52.45544554]	[  0.20565553  64.        ]	[  0.09056604  12.        ]	[  0.02036904  11.73175833]	3.44554	9  	1  	2.44737 
2  	2.30355	[  0.15860851  48.54455446]	[  0.26634383  64.        ]	[ 0.  0.]                  	[  0.03734609  14.6074203 ]	3.65347	14 	1  	3.04889 
3  	2.34576	[  0.17002516  48.6039604 ]	[  0.29498525  64.        ]	[ 0.  0.]                  	[  0.04281702  13.93697213]	3.51485	14 	1  	2.89285 
4  	2.42498	[  0.17221379  45.75247525]	[  0.30837004  64.        ]	[ 0.  0.]                  	[  0.05389723  14.96689809]	3.9604 	11 	1  	2.85602 
5  	2.73646	[  0.1792418   49.02970297]	[  0.30837004  64.        ]	[ 0.06060606  3.        ]  	[  0.04052322  11.20241792]	4.69307	13 	1  	3.03362 
6  	2.75247	[  0.19136586  48.96039604]	[  0.30837004  64.        ]	[ 0.  0.]                  	[  0.04220459  10.79046223]	4.52475	13 	1  	3.0069  
7  	2.78529	[  0.1897501   49.83168317]	[  0.30837004  64.        ]	[ 0.06849315  5.        ]  	[ 0.0372474   9.25873343]  	4.85149	14 	1  	2.99632 
8  	3.04928	[  0.19005675  49.67326733]	[  0.30837004  64.        ]	[ 0.  0.]                  	[  0.0405062   10.14460683]	6.17822	17 	1  	3.29535 
9  	3.63199	[  0.19287912  47.33663366]	[  0.30837004  64.        ]	[ 0.  0.]                  	[  0.04602648  12.8850802 ]	7.0396 	17 	1  	3.70154 
10 	4.59589	[  0.19468343  46.86138614]	[  0.30864198  64.        ]	[ 0.  0.]                  	[  0.0537098   14.51392619]	8.42574	20 	1  	3.82888 
11 	3.82128	[  0.20225524  46.16831683]	[  0.30864198  64.        ]	[ 0.07575758  5.        ]  	[  0.04909271  12.69682217]	8.29703	20 	1  	3.83972 
12 	4.71629	[  0.21576116  45.77227723]	[  0.30864198  64.        ]	[ 0.01117318  1.        ]  	[  0.05572141  11.60307333]	10     	20 	1  	4.26127 
13 	4.85438	[  0.23850357  47.05940594]	[  0.30864198  64.        ]	[  0.1323741  30.       ]  	[ 0.04534032  8.15787511]  	11.1089	20 	1  	3.65573 
14 	4.77607	[  0.25112141  45.26732673]	[  0.30994152  64.        ]	[ 0.03738318  2.        ]  	[  0.05335009  10.26567007]	11.6436	20 	1  	3.8424  
15 	5.25607	[  0.27531462  48.35643564]	[  0.31347962  63.        ]	[  0.13738739  19.        ]	[ 0.04235704  5.92458238]  	12.1287	20 	8  	2.80968 
16 	5.18167	[  0.28116228  47.58415842]	[  0.31847134  64.        ]	[ 0.12962963  7.        ]  	[ 0.04459999  7.69372552]  	12.1386	18 	9  	2.42524 
17 	5.54402	[  0.28736033  48.92079208]	[  0.31974922  62.        ]	[  0.14673913  35.        ]	[ 0.04028007  4.45368502]  	12.5941	20 	6  	2.76892 
18 	6.29151	[  0.29183564  49.68316832]	[  0.32885906  64.        ]	[  0.13943355  34.        ]	[ 0.04068593  4.70712688]  	12.9703	20 	5  	2.79836 
19 	7.61692	[  0.28524384  49.78217822]	[  0.32885906  63.        ]	[  0.13319239  16.        ]	[ 0.04757199  5.94130359]  	13.3762	20 	6  	2.61697 
20 	7.53271	[  0.2919758   49.46534653]	[  0.33015873  62.        ]	[  0.15625  21.     ]      	[ 0.03681966  5.1733597 ]  	13.7822	19 	7  	2.59323 
21 	7.88588	[  0.28969118  48.65346535]	[  0.33015873  63.        ]	[ 0.03921569  2.        ]  	[ 0.04484528  7.27458024]  	14.0594	20 	6  	2.77835 
22 	7.77243	[  0.2860604   50.30693069]	[  0.33116883  64.        ]	[  0.14301676  19.        ]	[ 0.04994592  5.63711634]  	13.6634	19 	6  	2.73328 
23 	8.17368	[  0.29655519  50.37623762]	[  0.34013605  62.        ]	[ 0.14336075  7.        ]  	[ 0.04773574  6.15774725]  	14.2376	20 	9  	2.87409 
24 	8.97582	[  0.30558858  49.63366337]	[  0.34013605  63.        ]	[  0.1470245  19.       ]  	[ 0.04033493  5.66860867]  	15.5347	20 	9  	2.58543 
25 	9.17167	[  0.31319988  50.30693069]	[  0.34246575  63.        ]	[  0.15144231  40.        ]	[ 0.03133653  3.31436291]  	16.0396	20 	8  	2.46127 
26 	9.25456	[  0.31736016  50.08910891]	[  0.34576271  63.        ]	[  0.14352941  10.        ]	[ 0.03476154  4.95344467]  	16.3564	20 	6  	2.34451 
27 	8.11352	[  0.3188335   49.89108911]	[  0.34628975  60.        ]	[  0.18072289  17.        ]	[ 0.02867242  4.45639154]  	16.6139	20 	10 	2.18895 
28 	7.66308	[  0.3111378   50.17821782]	[  0.34628975  61.        ]	[  0.1367713  40.       ]  	[ 0.04377748  3.85221047]  	16.3564	20 	10 	2.45991 
29 	6.87097	[  0.32106998  49.59405941]	[  0.34628975  63.        ]	[  0.13665944  25.        ]	[ 0.03948091  4.6802264 ]  	16.2277	20 	7  	2.44496 
30 	5.97795	[  0.32503295  49.25742574]	[  0.35146444  58.        ]	[  0.15612382  24.        ]	[ 0.03357225  3.83225876]  	15.7228	20 	9  	2.48608 
31 	5.60575	[  0.32280957  49.06930693]	[  0.35205993  62.        ]	[  0.1395881  32.       ]  	[ 0.04387853  4.28965466]  	15.5644	20 	3  	2.71926 
32 	5.8062 	[  0.31922052  47.92079208]	[  0.35874439  63.        ]	[  0.16071429  28.        ]	[ 0.04362448  5.16592638]  	15.4653	20 	4  	3.04606 
33 	5.59302	[  0.32178247  47.67326733]	[  0.35874439  63.        ]	[  0.14367161  29.        ]	[ 0.04010474  5.42292331]  	16.0099	20 	4  	2.58133 
34 	5.9759 	[  0.31547219  47.1980198 ]	[  0.36293436  64.        ]	[  0.13347237  16.        ]	[ 0.0526169   6.63327914]  	16.1881	20 	5  	2.61266 
35 	6.38332	[  0.3092735  47.3960396]  	[  0.36293436  63.        ]	[  0.13578826  17.        ]	[ 0.05923612  7.2029686 ]  	16.2574	20 	6  	3.15492 
36 	7.04611	[  0.31280332  45.2970297 ]	[  0.36293436  62.        ]	[ 0.  0.]                  	[ 0.07064729  9.31149035]  	16.7525	20 	4  	3.37553 
37 	7.47996	[  0.32236793  44.02970297]	[  0.36293436  61.        ]	[ 0.  0.]                  	[ 0.05320857  8.50795254]  	16.7525	20 	3  	3.60804 
38 	7.87357	[  0.32150122  45.44554455]	[  0.36293436  62.        ]	[ 0.06711409  3.        ]  	[ 0.05830309  8.8278085 ]  	16.7921	20 	6  	3.03875 
39 	8.77068	[  0.32640408  46.66336634]	[  0.3655914  64.       ]  	[  0.13417191  30.        ]	[ 0.04146728  5.58335083]  	16.8911	20 	6  	2.90067 
40 	9.05691	[  0.32820574  44.97029703]	[  0.3655914  63.       ]  	[ 0.  0.]                  	[ 0.04886316  7.8355062 ]  	16.7921	20 	3  	3.25885 
41 	9.08199	[  0.33420575  45.85148515]	[  0.3655914  62.       ]  	[  0.15308642  16.        ]	[ 0.03713932  5.96754612]  	16.9208	20 	6  	2.88624 
42 	9.29128	[  0.33016031  46.58415842]	[  0.3655914  63.       ]  	[ 0.08849558  5.        ]  	[ 0.04769222  7.27571211]  	16.099 	20 	3  	3.15446 
43 	8.94941	[  0.32222704  46.87128713]	[  0.3671875  64.       ]  	[  0.13305613  20.        ]	[ 0.05395081  7.34127537]  	15.1188	20 	3  	4.07914 
44 	9.21416	[  0.32346053  46.03960396]	[  0.36781609  62.        ]	[  0.14011299  15.        ]	[ 0.04912395  8.20398453]  	15.1485	20 	2  	3.61621 
45 	8.91354	[  0.32415776  47.27722772]	[  0.36781609  64.        ]	[  0.13559322  25.        ]	[ 0.04974393  6.89542654]  	14.6139	20 	2  	3.48397 
46 	9.38096	[  0.32436943  45.74257426]	[  0.36781609  61.        ]	[ 0.  0.]                  	[ 0.05545121  8.92504926]  	15.0594	20 	3  	3.63923 
47 	9.42208	[  0.32505765  47.38613861]	[  0.36781609  61.        ]	[  0.12840044  11.        ]	[ 0.05058183  6.92673154]  	14.8416	20 	6  	2.98754 
48 	9.53071	[  0.32402368  47.52475248]	[  0.36781609  64.        ]	[ 0.02439024  1.        ]  	[ 0.05621196  7.66320004]  	14.7624	20 	3  	2.86373 
49 	10.362 	[  0.31185427  47.44554455]	[  0.36781609  61.        ]	[ 0.04958678  3.        ]  	[ 0.0621441   9.09626759]  	15.1782	20 	3  	2.80521 
50 	9.43377	[  0.32177504  47.63366337]	[  0.36781609  64.        ]	[  0.13621622  20.        ]	[ 0.04779724  6.74092389]  	14.0792	20 	3  	3.57572 
51 	9.10884	[  0.32509852  46.21782178]	[  0.36781609  64.        ]	[ 0.12962963  7.        ]  	[ 0.05193884  7.88858551]  	14.2376	20 	3  	2.72919 
52 	9.03022	[  0.32217872  45.88118812]	[  0.37121212  64.        ]	[  0.13304721  13.        ]	[ 0.05189293  7.97308235]  	13.8515	20 	3  	3.11619 
53 	9.15851	[  0.33312022  46.77227723]	[  0.37174721  64.        ]	[ 0.02150538  1.        ]  	[ 0.05212138  7.10303406]  	14.3069	20 	4  	2.38702 
54 	8.89546	[  0.33068164  45.68316832]	[  0.37229437  58.        ]	[ 0.02409639  1.        ]  	[ 0.05017807  7.7215536 ]  	13.8812	20 	3  	2.22625 
55 	9.18624	[  0.32824335  45.53465347]	[  0.37229437  60.        ]	[ 0.06896552  3.        ]  	[ 0.05579776  8.21199841]  	13.9109	19 	3  	2.32974 
56 	9.33028	[  0.31918939  45.71287129]	[  0.37656904  62.        ]	[  0.14814815  13.        ]	[ 0.05320646  9.0119136 ]  	14.5743	20 	4  	2.66383 
57 	9.00241	[  0.3318195   45.79207921]	[  0.37229437  62.        ]	[  0.14536341  28.        ]	[ 0.04351259  6.03999349]  	14.1782	20 	3  	3.64351 
58 	9.76019	[  0.32742227  46.41584158]	[  0.37391304  64.        ]	[ 0.13807983  8.        ]  	[ 0.05214798  7.7705554 ]  	14.604 	20 	3  	3.33917 
59 	9.51659	[  0.32814685  46.48514851]	[  0.37391304  60.        ]	[  0.14973262  25.        ]	[ 0.04586155  5.76196793]  	14.703 	20 	3  	3.16398 
60 	9.43643	[  0.32660702  45.76237624]	[  0.37391304  64.        ]	[ 0.10294118  7.        ]  	[ 0.05321188  7.03477714]  	14.8119	20 	3  	3.05952 
61 	9.45831	[  0.33018369  45.43564356]	[  0.37446809  63.        ]	[ 0.01960784  1.        ]  	[ 0.05342331  7.82280981]  	15.099 	20 	3  	3.12608 
62 	9.29393	[  0.32561829  43.26732673]	[  0.37446809  63.        ]	[ 0.02702703  1.        ]  	[ 0.06157629  9.56260362]  	15.1782	20 	5  	2.7804  
63 	10.0016	[  0.32689433  43.85148515]	[  0.37446809  60.        ]	[ 0.05405405  2.        ]  	[ 0.05777683  8.22744278]  	16.0891	20 	12 	2.04939 
64 	9.94463	[  0.3269194   42.72277228]	[  0.37446809  59.        ]	[ 0.032  2.   ]            	[ 0.05720906  8.5609276 ]  	16.0396	20 	3  	2.92114 
65 	9.67335	[  0.32878339  44.03960396]	[  0.37446809  63.        ]	[  0.1443539  18.       ]  	[ 0.04993148  6.94521816]  	15.8812	20 	4  	3.08072 
66 	9.79945	[  0.34068813  44.76237624]	[  0.37606838  63.        ]	[  0.14423077  32.        ]	[ 0.04053505  5.44667855]  	15.4059	20 	3  	3.5213  
67 	10.6753	[  0.34143635  44.06930693]	[  0.37606838  61.        ]	[  0.13333333  25.        ]	[ 0.04033013  5.32741355]  	16.4356	20 	3  	2.81937 
68 	10.6866	[  0.33102684  44.16831683]	[  0.38367347  62.        ]	[ 0.09302326  4.        ]  	[ 0.05712092  8.00627144]  	16.0792	20 	3  	3.01049 
69 	11.5665	[  0.34266947  44.1980198 ]	[  0.38367347  60.        ]	[  0.16058394  11.        ]	[ 0.03933308  6.35114366]  	16.495 	20 	3  	3.26282 
70 	11.8024	[  0.33064802  43.75247525]	[  0.38367347  64.        ]	[ 0.04  2.  ]              	[ 0.06682607  8.12209545]  	16.4059	20 	3  	3.61016 
71 	12.6971	[  0.33746746  44.52475248]	[  0.38610039  63.        ]	[ 0.02409639  1.        ]  	[ 0.06089539  7.06209244]  	17.1188	20 	3  	2.61105 
72 	12.8851	[  0.34822996  45.44554455]	[  0.38655462  59.        ]	[  0.13559322  26.        ]	[ 0.04137116  5.45816719]  	16.8515	20 	3  	3.16974 
73 	14.241 	[  0.34830315  46.23762376]	[  0.38735178  62.        ]	[  0.15214724  32.        ]	[ 0.04678996  5.34020527]  	17.3762	20 	3  	2.72448 
74 	14.3075	[  0.34506617  44.47524752]	[  0.392  63.   ]          	[ 0.09917355  6.        ]  	[ 0.05334168  8.8066065 ]  	17.5248	20 	4  	2.68326 
75 	14.0967	[  0.34489238  45.20792079]	[  0.3935743  61.       ]  	[  0.12513256  14.        ]	[ 0.0530591   6.76525315]  	17.1287	20 	3  	3.45742 
76 	14.2042	[  0.35017215  46.30693069]	[  0.40692641  60.        ]	[  0.12711864  31.        ]	[ 0.04944715  5.3320302 ]  	17.2376	20 	3  	3.4127  
77 	14.795 	[  0.35910165  46.21782178]	[  0.40692641  63.        ]	[  0.1815562  15.       ]  	[ 0.04079013  5.23431927]  	17.6931	20 	3  	2.30257 
78 	14.476 	[  0.34478389  44.75247525]	[  0.40692641  63.        ]	[ 0.06956522  4.        ]  	[ 0.06221378  8.54505351]  	17.5545	20 	3  	2.73762 
79 	15.1186	[  0.34574613  46.3960396 ]	[  0.40692641  61.        ]	[ 0.10416667  5.        ]  	[ 0.062042    7.14223141]  	17.8812	20 	3  	2.31349 
80 	15.3668	[  0.34568539  45.73267327]	[  0.40692641  64.        ]	[ 0.10714286  6.        ]  	[ 0.06402306  8.48048557]  	17.9307	20 	5  	2.25703 
81 	15.3442	[  0.35823276  45.44554455]	[  0.40692641  63.        ]	[ 0.07017544  4.        ]  	[ 0.05302426  7.60858719]  	17.8812	20 	3  	2.70418 
82 	15.8263	[  0.34537055  45.82178218]	[  0.40692641  64.        ]	[ 0.  0.]                  	[ 0.06885631  8.24788727]  	18.3168	20 	3  	2.04857 
83 	16.3278	[  0.35960747  47.        ]	[  0.40692641  58.        ]	[ 0.  0.]                  	[ 0.05499404  5.88503724]  	18.4554	20 	9  	1.35358 
84 	15.94  	[  0.36118326  46.54455446]	[  0.40692641  61.        ]	[  0.15521628  32.        ]	[ 0.04709041  4.1969455 ]  	17.8416	20 	3  	3.1926  
85 	16.7438	[  0.34515112  46.45544554]	[  0.40692641  60.        ]	[  0.13636364  10.        ]	[ 0.05988232  6.40316251]  	18.3762	20 	2  	2.36665 
86 	16.7341	[  0.34145341  45.25742574]	[  0.40692641  62.        ]	[ 0.  0.]                  	[  0.07779377  10.09230024]	18.5545	20 	8  	1.5187  
87 	15.7441	[  0.34897177  46.00990099]	[  0.41284404  64.        ]	[ 0.  0.]                  	[ 0.06898193  7.71201332]  	18.2376	20 	7  	2.24776 
88 	16.436 	[  0.35036361  46.08910891]	[  0.4137931  62.       ]  	[ 0.04301075  2.        ]  	[ 0.0654018  6.7561472]    	18.4851	20 	9  	1.64476 
89 	17.026 	[  0.35301051  44.48514851]	[  0.4137931  62.       ]  	[ 0.05660377  3.        ]  	[ 0.06127028  8.05256722]  	18.6535	20 	9  	1.26988 
90 	16.17  	[  0.35327023  44.41584158]	[  0.4137931  61.       ]  	[ 0.0776699  4.       ]    	[ 0.05916781  7.76928113]  	18.2475	20 	8  	2.24449 
91 	17.4155	[  0.35790256  46.38613861]	[  0.4137931  64.       ]  	[ 0.11864407  7.        ]  	[ 0.05614018  6.0377858 ]  	18.5644	20 	8  	1.54417 
92 	17.937 	[  0.34919544  45.5049505 ]	[  0.4137931  64.       ]  	[ 0.04938272  2.        ]  	[ 0.06797993  7.81420864]  	18.4257	20 	8  	1.77634 
93 	17.5589	[  0.3478247   46.08910891]	[  0.4137931  64.       ]  	[ 0.04  2.  ]              	[ 0.07335282  7.92676755]  	18.4851	20 	8  	1.98317 
94 	17.7304	[  0.35056381  45.33663366]	[  0.4137931  61.       ]  	[ 0.  0.]                  	[ 0.07042923  6.66047486]  	18.396 	20 	7  	1.96544 
95 	17.7034	[  0.35653332  46.38613861]	[  0.4137931  63.       ]  	[  0.14516129  11.        ]	[ 0.06597952  5.90514174]  	18.4455	20 	8  	1.58255 
96 	18.0753	[  0.35936224  45.68316832]	[  0.41409692  63.        ]	[ 0.10869565  5.        ]  	[ 0.07148147  7.55826306]  	18.2178	20 	7  	2.12297 
97 	18.6984	[  0.36923586  45.94059406]	[  0.41409692  64.        ]	[  0.13361169  23.        ]	[ 0.05152648  4.81092359]  	18.6436	20 	8  	1.33189 
98 	18.9364	[  0.36632572  46.46534653]	[  0.41409692  61.        ]	[  0.1326087  10.       ]  	[ 0.05423278  5.15802625]  	18.5842	20 	8  	2.0502  
99 	19.4185	[  0.36325109  46.63366337]	[  0.41409692  63.        ]	[  0.13245033  24.        ]	[ 0.05584234  4.93266095]  	18.7228	20 	8  	1.80274 
100	19.9999	[  0.37171372  46.40594059]	[  0.41409692  61.        ]	[  0.15006821  22.        ]	[ 0.04963874  4.56889661]  	18.9406	20 	8  	1.4544  
101	19.6469	[  0.3608313   46.45544554]	[  0.41409692  63.        ]	[ 0.02666667  1.        ]  	[ 0.06561894  6.09743454]  	18.9109	20 	8  	1.67745 
102	19.8756	[  0.37154395  45.2970297 ]	[  0.41409692  53.        ]	[ 0.  0.]                  	[ 0.05562334  6.50444563]  	19.0396	20 	8  	1.33439 
103	19.4119	[  0.37464938  46.30693069]	[  0.41409692  54.        ]	[  0.18305085  35.        ]	[ 0.04138858  3.12049302]  	19.0495	20 	8  	1.43075 
104	19.2439	[  0.37052413  45.58415842]	[  0.41409692  64.        ]	[  0.14562002  18.        ]	[ 0.05549823  5.08398247]  	18.8416	20 	8  	2.73493 
105	19.2634	[  0.36956966  45.72277228]	[  0.41409692  62.        ]	[ 0.06153846  4.        ]  	[ 0.05803627  6.98813536]  	19.2277	20 	8  	1.80144 
106	19.8136	[  0.38153592  46.26732673]	[  0.41409692  56.        ]	[ 0.12  6.  ]              	[ 0.0438249   4.87038147]  	19.6436	20 	8  	1.29419 
107	19.8268	[  0.36927651  46.35643564]	[  0.41409692  61.        ]	[ 0.  0.]                  	[ 0.06175588  6.77003321]  	19.5743	20 	17 	0.836619
108	19.3812	[  0.36597485  46.95049505]	[  0.41409692  63.        ]	[  0.14711033  34.        ]	[ 0.06094744  4.10113782]  	19.0495	20 	5  	2.69351 
109	19.6719	[  0.36136295  47.        ]	[  0.41409692  64.        ]	[ 0.08080808  4.        ]  	[ 0.06774239  5.96358587]  	19.2871	20 	8  	1.70228 
110	19.7135	[  0.37170851  45.56435644]	[  0.41409692  64.        ]	[ 0.07692308  3.        ]  	[ 0.05756554  5.86720343]  	19.3465	20 	8  	2.07977 
111	19.8142	[  0.37752098  46.42574257]	[  0.4173913  59.       ]  	[  0.17378498  33.        ]	[ 0.04225033  3.17897342]  	19.4356	20 	8  	1.74864 
112	19.2284	[  0.36719525  47.14851485]	[  0.4173913  62.       ]  	[  0.13879408  37.        ]	[ 0.0599664  3.7107981]    	19.0396	20 	8  	2.61345 
113	20.2814	[  0.37118704  46.23762376]	[  0.4173913  57.       ]  	[ 0.08510638  4.        ]  	[ 0.05550888  5.15338688]  	19.3267	20 	8  	2.02024 
114	20.5519	[  0.37433632  46.36633663]	[  0.4173913  60.       ]  	[  0.13186813  22.        ]	[ 0.04995505  4.63247848]  	19.6238	20 	8  	1.34128 
115	20.2354	[  0.37993567  45.85148515]	[  0.4173913  61.       ]  	[  0.15024631  19.        ]	[ 0.04466797  5.13266792]  	19.6337	20 	8  	1.65142 
116	20.6979	[  0.36970405  45.62376238]	[  0.4173913  63.       ]  	[ 0.0776699  4.       ]    	[ 0.06582319  7.45926427]  	19.6436	20 	8  	1.65658 
117	19.6919	[  0.37892656  46.7029703 ]	[  0.4173913  64.       ]  	[ 0.05882353  3.        ]  	[ 0.05601894  5.20004675]  	19.4356	20 	8  	2.10805 
118	20.1733	[  0.38519472  47.05940594]	[  0.4173913  58.       ]  	[  0.19561551  36.        ]	[ 0.04202426  2.5978734 ]  	19.6535	20 	8  	1.37471 
119	20.3683	[  0.37414241  46.15841584]	[  0.4173913  59.       ]  	[  0.15209125  11.        ]	[ 0.05411539  5.26849909]  	19.396 	20 	8  	2.12984 
120	20.8566	[  0.37786171  45.87128713]	[  0.4173913  58.       ]  	[ 0.  0.]                  	[ 0.06137981  6.72466035]  	19.6436	20 	8  	1.72681 
121	20.8321	[  0.38519636  46.9009901 ]	[  0.4173913  57.       ]  	[  0.22983871  35.        ]	[ 0.04036229  2.88905394]  	19.6931	20 	8  	1.53341 
122	20.1388	[  0.37683964  46.31683168]	[  0.4173913  64.       ]  	[  0.14814815  34.        ]	[ 0.05539752  3.57917711]  	19.2079	20 	8  	2.74427 
123	21.3202	[  0.38838826  46.41584158]	[  0.4173913  60.       ]  	[  0.22018349  34.        ]	[ 0.03281428  2.91553479]  	19.8713	20 	17 	0.500759
124	21.3123	[  0.38316446  45.53465347]	[  0.4173913  60.       ]  	[ 0.12962963  7.        ]  	[ 0.05208025  6.61166739]  	19.6634	20 	6  	1.49108 
125	21.1461	[  0.37797773  46.1980198 ]	[  0.4173913  64.       ]  	[ 0.  0.]                  	[ 0.06422408  6.85062663]  	19.6238	20 	8  	1.35597 
126	21.4292	[  0.36470887  46.57425743]	[  0.4173913  62.       ]  	[ 0.07017544  4.        ]  	[ 0.07924162  8.12202303]  	19.703 	20 	7  	1.39692 
127	21.7888	[  0.37871613  46.40594059]	[  0.4173913  58.       ]  	[ 0.09174312  5.        ]  	[ 0.05150712  5.16112318]  	19.8317	20 	17 	0.564096
128	21.3386	[  0.37828117  46.16831683]	[  0.4173913  62.       ]  	[ 0.  0.]                  	[ 0.0669364   7.23176342]  	19.6931	20 	8  	1.69882 
129	21.4234	[  0.37943474  45.91089109]	[  0.4173913  58.       ]  	[ 0.04255319  2.        ]  	[ 0.05204207  5.79876909]  	19.6634	20 	8  	1.40914 
130	21.3488	[  0.3720384   45.69306931]	[  0.41921397  56.        ]	[ 0.13432836  9.        ]  	[ 0.053199    6.29748115]  	19.505 	20 	8  	2.08542 
131	21.153 	[  0.36044446  46.4950495 ]	[  0.41921397  64.        ]	[ 0.0625  3.    ]          	[ 0.07556234  6.78907649]  	19.4554	20 	8  	1.98272 
132	21.1711	[  0.37613051  45.91089109]	[  0.41921397  60.        ]	[  0.13856813  15.        ]	[ 0.04905583  4.88703885]  	19.604 	20 	8  	1.67142 
133	21.0024	[  0.38120311  45.25742574]	[  0.41921397  55.        ]	[ 0.14173228  9.        ]  	[ 0.04435142  5.26082752]  	19.7228	20 	12 	1.11798 
134	21.4902	[  0.36675726  45.11881188]	[  0.41921397  63.        ]	[ 0.05333333  2.        ]  	[ 0.07217619  8.53680109]  	19.7228	20 	8  	1.33586 
135	20.4979	[  0.37053213  46.40594059]	[  0.41921397  61.        ]	[ 0.  0.]                  	[ 0.06774021  5.95058566]  	19.4851	20 	8  	1.81639 
136	20.942 	[  0.37643797  46.64356436]	[  0.41921397  63.        ]	[ 0.04255319  2.        ]  	[ 0.05986133  5.44565256]  	19.5545	20 	8  	1.44521 
137	20.7941	[  0.36937175  45.54455446]	[  0.41921397  63.        ]	[ 0.07594937  3.        ]  	[ 0.06705681  7.65794062]  	19.495 	20 	8  	2.01295 
138	20.9105	[  0.37138305  46.27722772]	[  0.41921397  64.        ]	[ 0.02597403  1.        ]  	[ 0.07075229  7.25916125]  	19.3465	20 	8  	2.18199 
139	21.5281	[  0.37763334  46.3960396 ]	[  0.41921397  62.        ]	[  0.12910284  14.        ]	[ 0.06147985  5.80385534]  	19.7426	20 	11 	1.1227  
140	21.4401	[  0.38062647  46.30693069]	[  0.42290749  58.        ]	[ 0.12121212  6.        ]  	[ 0.04938065  4.97666351]  	19.5743	20 	8  	1.7819  
141	21.4435	[  0.38100085  46.04950495]	[  0.41921397  61.        ]	[ 0.01818182  1.        ]  	[ 0.06799557  7.0827866 ]  	19.6733	20 	8  	1.37235 
142	21.3317	[  0.38003914  46.82178218]	[  0.41921397  57.        ]	[  0.13854352  31.        ]	[ 0.05076475  3.20085397]  	19.4752	20 	8  	2.0128  
143	22.02  	[  0.37791648  47.16831683]	[  0.41921397  58.        ]	[  0.16105417  34.        ]	[ 0.05177166  3.18744227]  	19.6436	20 	8  	1.73253 
144	22.1277	[  0.38040694  47.45544554]	[  0.41921397  63.        ]	[  0.13347458  34.        ]	[ 0.0562571  3.7058283]    	19.8812	20 	10 	0.99789 
145	21.7872	[  0.38403089  46.7029703 ]	[  0.42060086  64.        ]	[ 0.06837607  4.        ]  	[ 0.0569221   5.16374366]  	19.6238	20 	8  	1.98435 
146	22.2891	[  0.37190868  47.03960396]	[  0.42060086  63.        ]	[ 0.04444444  2.        ]  	[ 0.07095247  5.73148468]  	19.4158	20 	8  	2.31768 
147	21.8811	[  0.3658695   45.23762376]	[  0.42060086  63.        ]	[ 0.  0.]                  	[ 0.07927784  9.28657981]  	19.5743	20 	5  	1.82581 
148	21.6705	[  0.38128493  46.69306931]	[  0.42477876  63.        ]	[  0.14788732  31.        ]	[ 0.04987574  3.89399785]  	19.6238	20 	7  	1.79025 
149	21.3471	[  0.37560018  45.87128713]	[  0.42477876  62.        ]	[ 0.  0.]                  	[ 0.07008003  7.73274299]  	19.5644	20 	6  	1.91097 
150	21.3724	[  0.38356387  45.89108911]	[  0.42477876  57.        ]	[  0.15384615  12.        ]	[ 0.04930321  5.75214293]  	19.6931	20 	8  	1.50078 
151	21.5873	[  0.38016677  45.9009901 ]	[  0.42477876  64.        ]	[ 0.02325581  1.        ]  	[ 0.06059313  6.79181941]  	19.8317	20 	13 	0.745539
152	21.8682	[  0.37851527  46.96039604]	[  0.42477876  64.        ]	[  0.14545455  39.        ]	[ 0.05296576  3.4895056 ]  	19.7525	20 	12 	0.989108
153	21.7543	[  0.37398281  46.99009901]	[  0.42477876  63.        ]	[  0.13504823  13.        ]	[ 0.0668825   5.19614299]  	19.5644	20 	6  	1.99711 
154	21.503 	[  0.37680513  46.40594059]	[  0.42477876  61.        ]	[  0.14787879  17.        ]	[ 0.05877437  5.61324145]  	19.4752	20 	6  	2.20078 
155	21.0506	[  0.3780355   46.61386139]	[  0.42477876  64.        ]	[  0.13375131  20.        ]	[ 0.06087039  4.72191079]  	19.4851	20 	8  	1.86481 
156	21.3809	[  0.37392125  45.76237624]	[  0.42477876  64.        ]	[ 0.12280702  7.        ]  	[ 0.06041124  7.17137947]  	19.6238	20 	8  	1.73976 
157	21.3678	[  0.38219876  46.2970297 ]	[  0.42477876  58.        ]	[ 0.01941748  1.        ]  	[ 0.0612667   5.72045929]  	19.7228	20 	8  	1.32096 
158	21.5266	[  0.36930412  45.76237624]	[  0.42477876  62.        ]	[ 0.  0.]                  	[ 0.07067535  7.32167339]  	19.6535	20 	7  	1.77683 
159	21.1651	[  0.37483156  46.52475248]	[  0.42477876  62.        ]	[  0.15140415  16.        ]	[ 0.05419999  5.41832984]  	19.5347	20 	8  	2.00279 
160	21.3444	[  0.38295932  45.85148515]	[  0.42477876  58.        ]	[ 0.0620155  4.       ]    	[ 0.0541145   5.40514265]  	19.6832	20 	8  	1.65266 
161	21.3081	[  0.36751043  47.18811881]	[  0.42666667  64.        ]	[  0.13527851  25.        ]	[ 0.06734853  5.16023039]  	19.3663	20 	4  	2.60511 
162	21.8117	[  0.38066619  46.34653465]	[  0.42666667  61.        ]	[  0.18074074  35.        ]	[ 0.04298767  3.89830032]  	19.901 	20 	18 	0.330165
163	21.2997	[  0.37377518  45.79207921]	[  0.42666667  57.        ]	[ 0.04081633  2.        ]  	[ 0.06003429  6.27791482]  	19.5347	20 	6  	2.13673 
164	21.3915	[  0.38113268  46.41584158]	[  0.42666667  58.        ]	[ 0.02409639  1.        ]  	[ 0.05408751  5.39208684]  	19.7921	20 	8  	1.2131  
165	21.1012	[  0.37943145  45.5049505 ]	[  0.42666667  63.        ]	[ 0.05454545  3.        ]  	[ 0.06642394  7.05932957]  	19.6634	20 	8  	1.70193 
166	21.7561	[  0.37555831  46.67326733]	[  0.42666667  61.        ]	[  0.13048128  17.        ]	[ 0.06621052  5.34013185]  	19.6832	20 	8  	1.48211 
167	20.812 	[  0.36763664  45.79207921]	[  0.42666667  63.        ]	[ 0.02272727  1.        ]  	[ 0.07541788  7.42396018]  	19.2376	20 	5  	2.79727 
168	21.6248	[  0.38465205  45.28712871]	[  0.42666667  56.        ]	[  0.15819209  21.        ]	[ 0.04888033  4.79755844]  	19.5743	20 	8  	1.98682 
169	21.9528	[  0.39041653  45.85148515]	[  0.42666667  59.        ]	[  0.18320611  12.        ]	[ 0.04277554  4.86325104]  	19.6733	20 	7  	1.58026 
170	21.9344	[  0.39240895  46.45544554]	[  0.42666667  58.        ]	[  0.17984496  31.        ]	[ 0.04059045  3.51383335]  	19.8218	20 	8  	1.20556 
171	21.7227	[  0.38390634  45.55445545]	[  0.42666667  62.        ]	[  0.1356674  14.       ]  	[ 0.05343966  5.55525841]  	19.7129	20 	8  	1.27688 
172	21.738 	[  0.37393571  45.15841584]	[  0.42666667  60.        ]	[ 0.  0.]                  	[ 0.0702886   7.86612322]  	19.6238	20 	8  	1.65219 
173	21.6046	[  0.38678424  46.3960396 ]	[  0.42666667  59.        ]	[  0.1345496  32.       ]  	[ 0.04792597  3.84109929]  	19.7228	20 	7  	1.62358 
174	22.2938	[  0.38250806  45.86138614]	[  0.42666667  60.        ]	[ 0.07272727  4.        ]  	[ 0.05647553  5.42277869]  	19.9208	20 	18 	0.363786
175	22.0836	[  0.38679994  47.11881188]	[  0.42666667  59.        ]	[  0.19495798  39.        ]	[ 0.04516888  2.93927697]  	19.8614	20 	17 	0.467344
176	21.8014	[  0.37184556  45.16831683]	[  0.42666667  61.        ]	[ 0.  0.]                  	[ 0.06733943  7.50982104]  	19.703 	20 	8  	1.43882 
177	21.7086	[  0.38051564  45.63366337]	[  0.42727273  57.        ]	[ 0.  0.]                  	[ 0.05535481  6.22311687]  	19.7822	20 	8  	1.22356 
178	21.7652	[  0.37245577  45.86138614]	[  0.42727273  63.        ]	[ 0.  0.]                  	[ 0.0690647   7.41824043]  	19.7624	20 	8  	1.21987 
179	21.5028	[  0.37195665  45.02970297]	[  0.42727273  64.        ]	[ 0.  0.]                  	[ 0.07293956  7.3585075 ]  	19.6634	20 	11 	1.17125 
180	22.1346	[  0.37486456  45.87128713]	[  0.42727273  61.        ]	[ 0.  0.]                  	[ 0.06905021  6.75257687]  	19.6832	20 	8  	1.68235 
181	21.3973	[  0.38370606  46.64356436]	[  0.42727273  63.        ]	[  0.13710555  24.        ]	[ 0.05169588  4.45124114]  	19.7723	20 	8  	1.2177  
182	21.3   	[  0.39004855  46.01980198]	[  0.42727273  55.        ]	[  0.20952381  30.        ]	[ 0.04123234  3.23648813]  	19.7723	20 	8  	1.24185 
183	20.5459	[  0.38296314  45.69306931]	[  0.42727273  60.        ]	[  0.14251781  27.        ]	[ 0.05150841  3.79353952]  	19.6238	20 	8  	1.59735 
184	21.539 	[  0.37223116  45.73267327]	[  0.42727273  63.        ]	[ 0.  0.]                  	[ 0.07254785  7.39934582]  	19.7624	20 	8  	1.24398 
185	21.5332	[  0.38147741  46.04950495]	[  0.42727273  57.        ]	[  0.16355811  23.        ]	[ 0.04777879  3.98108458]  	19.7921	20 	15 	0.664769
186	21.5003	[  0.38654051  45.81188119]	[  0.42727273  57.        ]	[  0.21301775  23.        ]	[ 0.04786929  4.75272277]  	19.6337	20 	8  	1.70452 
187	21.8094	[  0.37751417  44.54455446]	[  0.42727273  56.        ]	[ 0.08791209  4.        ]  	[ 0.06149832  7.61645529]  	19.6733	20 	8  	1.68927 
188	21.4696	[  0.38554995  46.13861386]	[  0.42727273  62.        ]	[  0.13522356  34.        ]	[ 0.05494595  4.06391925]  	19.901 	20 	17 	0.385503
189	21.7128	[  0.38376609  45.85148515]	[  0.42727273  56.        ]	[ 0.04597701  2.        ]  	[ 0.05770192  5.69937662]  	19.7723	20 	8  	1.26555 
190	21.44  	[  0.38150913  46.42574257]	[  0.42727273  64.        ]	[ 0.  0.]                  	[ 0.0708724   6.17299538]  	19.7426	20 	9  	1.23203 
191	21.4303	[  0.38442738  46.61386139]	[  0.42727273  64.        ]	[  0.13487882  38.        ]	[ 0.05653436  3.10850095]  	19.4257	20 	8  	2.35194 
192	21.2266	[  0.39169764  46.20792079]	[  0.42727273  61.        ]	[  0.19457735  33.        ]	[ 0.04323099  3.24667944]  	19.5644	20 	8  	2.04124 
193	21.8188	[  0.38500675  45.83168317]	[  0.42727273  60.        ]	[ 0.05405405  2.        ]  	[ 0.05931221  6.22048565]  	19.8515	20 	10 	1.00874 
194	22.4844	[  0.38982011  45.46534653]	[  0.42727273  59.        ]	[  0.14457831  12.        ]	[ 0.05050922  5.83700105]  	19.9505	20 	19 	0.21692 
195	22.1536	[  0.38528569  46.54455446]	[  0.42727273  62.        ]	[  0.13422819  31.        ]	[ 0.0545026   4.31787616]  	19.8119	20 	5  	1.49397 
196	22.2359	[  0.37003882  46.21782178]	[  0.42727273  64.        ]	[ 0.  0.]                  	[ 0.07556587  7.54734752]  	19.7624	20 	4  	1.59919 
197	21.3994	[  0.38575304  44.97029703]	[  0.42727273  58.        ]	[ 0.  0.]                  	[ 0.05351328  6.40923753]  	19.8416	20 	17 	0.439006
198	21.9221	[  0.38519042  45.97029703]	[  0.42727273  55.        ]	[ 0.06185567  3.        ]  	[ 0.05130974  5.23025366]  	19.8416	20 	17 	0.502128
199	21.0667	[  0.38312415  45.27722772]	[  0.42727273  61.        ]	[ 0.  0.]                  	[ 0.06704977  7.21949892]  	19.4257	20 	5  	2.31374 
200	20.6868	[  0.38875883  46.26732673]	[  0.42727273  63.        ]	[  0.13606911  29.        ]	[ 0.0547512   3.67461479]  	19.5347	20 	7  	1.93234 
201	21.154 	[  0.3935913   46.38613861]	[  0.42727273  56.        ]	[  0.21836228  34.        ]	[ 0.04262106  2.78244247]  	19.7822	20 	8  	1.23964 
202	21.2498	[  0.394369    46.13861386]	[  0.42727273  63.        ]	[  0.13205538  30.        ]	[ 0.04972956  3.972753  ]  	19.8812	20 	16 	0.531896
203	21.1784	[  0.39379684  46.        ]	[  0.42727273  57.        ]	[  0.228  31.   ]          	[ 0.04346428  3.35077943]  	19.8317	20 	13 	0.784368
204	21.5034	[  0.39121877  45.92079208]	[  0.42727273  60.        ]	[ 0.02409639  1.        ]  	[ 0.0600809  6.0487838]    	19.9307	20 	19 	0.253975
205	20.7996	[  0.38021158  46.56435644]	[  0.43438914  63.        ]	[  0.13461538  31.        ]	[ 0.06995343  4.61468994]  	19.396 	20 	5  	2.54496 
206	21.3994	[  0.38441941  46.47524752]	[  0.43438914  63.        ]	[  0.13048128  20.        ]	[ 0.05946559  4.60863172]  	19.6139	20 	8  	1.87728 
207	21.1232	[  0.39332083  46.11881188]	[  0.43438914  57.        ]	[ 0.06593407  3.        ]  	[ 0.05494658  5.12282241]  	19.6535	20 	8  	1.68532 
208	21.5407	[  0.38816324  45.66336634]	[  0.43438914  59.        ]	[ 0.  0.]                  	[ 0.06262773  6.55559202]  	19.6535	20 	5  	1.90068 
209	21.1303	[  0.38452816  46.30693069]	[  0.43438914  64.        ]	[  0.13275299  12.        ]	[ 0.07136678  5.88292137]  	19.6931	20 	8  	1.44704 
210	20.9645	[  0.39030526  45.00990099]	[  0.43438914  56.        ]	[  0.12903226  10.        ]	[ 0.05074516  5.65597038]  	19.7624	20 	8  	1.22796 
211	20.3689	[  0.38308301  46.03960396]	[  0.43438914  62.        ]	[  0.14469078  15.        ]	[ 0.06341119  5.18551064]  	19.1485	20 	5  	2.94298 
212	21.5958	[  0.39800892  45.94059406]	[  0.43438914  50.        ]	[ 0.  0.]                  	[ 0.04795748  4.96885704]  	19.9307	20 	19 	0.253975
213	20.4929	[  0.39222894  45.98019802]	[  0.43438914  62.        ]	[ 0.05825243  3.        ]  	[ 0.06129373  5.82922001]  	19.5644	20 	8  	2.04124 
214	21.3216	[  0.40058914  46.9009901 ]	[  0.43438914  60.        ]	[  0.1308615  40.       ]  	[ 0.04862198  2.787898  ]  	19.9604	20 	19 	0.195027
215	20.7733	[  0.38829789  46.06930693]	[  0.43438914  62.        ]	[ 0.05882353  3.        ]  	[ 0.06655888  6.20963388]  	19.4752	20 	4  	2.476   
216	20.7145	[  0.38067176  46.58415842]	[  0.43438914  64.        ]	[ 0.  0.]                  	[ 0.07485474  6.78855666]  	19.3663	20 	6  	2.4199  
217	21.5495	[  0.3901989   46.27722772]	[  0.43438914  63.        ]	[  0.14651163  18.        ]	[ 0.05294283  5.03476786]  	19.7426	20 	8  	1.23203 
218	20.761 	[  0.38775063  46.56435644]	[  0.43636364  64.        ]	[ 0.11965812  7.        ]  	[ 0.06371678  4.88565457]  	19.4554	20 	8  	2.1596  
219	21.532 	[  0.38729311  45.99009901]	[  0.43636364  64.        ]	[ 0.13417191  9.        ]  	[ 0.06050953  6.5980721 ]  	19.8218	20 	8  	1.21375 
220	20.9752	[  0.39218304  46.13861386]	[  0.43636364  63.        ]	[ 0.  0.]                  	[ 0.07170402  7.37943316]  	19.8119	20 	8  	1.20816 
221	21.1465	[  0.37810434  46.75247525]	[  0.43636364  64.        ]	[ 0.08196721  5.        ]  	[ 0.08033785  7.3530568 ]  	19.6832	20 	5  	1.89805 
222	21.437 	[  0.38130724  45.78217822]	[  0.43636364  59.        ]	[ 0.  0.]                  	[ 0.07327672  7.39762333]  	19.7327	20 	8  	1.5536  
223	21.5166	[  0.39374581  46.59405941]	[  0.43636364  63.        ]	[  0.13361612  21.        ]	[ 0.0507221   4.78069181]  	19.901 	20 	19 	0.298675
224	20.6732	[  0.39193597  45.96039604]	[  0.43636364  55.        ]	[ 0.06557377  4.        ]  	[ 0.05960843  5.77451004]  	19.5545	20 	8  	2.04153 
225	20.5831	[  0.38313642  46.20792079]	[  0.43636364  60.        ]	[  0.15267176  12.        ]	[ 0.07132829  6.74032762]  	19.3069	20 	8  	2.57075 
226	20.7962	[  0.3799842   46.38613861]	[  0.43636364  58.        ]	[  0.16410256  16.        ]	[ 0.06911117  6.17880487]  	19.5743	20 	8  	1.98682 
227	20.8659	[  0.38613077  46.21782178]	[  0.43636364  62.        ]	[ 0.07692308  3.        ]  	[ 0.06827938  6.53490849]  	19.6238	20 	5  	1.90285 
228	21.0737	[  0.39204932  47.00990099]	[  0.43636364  61.        ]	[  0.14823815  12.        ]	[ 0.05756783  5.02172518]  	19.8317	20 	8  	1.20288 
229	21.0272	[  0.39774671  46.16831683]	[  0.4372093  62.       ]  	[ 0.10810811  6.        ]  	[ 0.05510441  6.07880477]  	19.8812	20 	18 	0.352842
230	21.4968	[  0.39498354  46.31683168]	[  0.4372093  58.       ]  	[ 0.14414414  8.        ]  	[ 0.05987534  6.10782762]  	19.8119	20 	8  	1.20816 
231	20.6187	[  0.3920108  46.7029703]  	[  0.43636364  62.        ]	[  0.14203895  18.        ]	[ 0.0644043   4.44224668]  	19.5149	20 	8  	2.09485 
232	20.8516	[  0.39154694  47.03960396]	[  0.43636364  62.        ]	[  0.12716763  11.        ]	[ 0.06682427  4.98298251]  	19.4158	20 	7  	2.26583 
233	21.8452	[  0.39091705  46.28712871]	[  0.43636364  60.        ]	[ 0.10126582  8.        ]  	[ 0.05769788  5.79405061]  	19.9505	20 	19 	0.21692 
234	21.1732	[  0.39190491  47.0990099 ]	[  0.4375  64.    ]        	[  0.13459516  32.        ]	[ 0.05571523  3.52503058]  	19.7228	20 	8  	1.54867 
235	20.9175	[  0.38729717  46.88118812]	[  0.44545455  63.        ]	[ 0.12030075  8.        ]  	[ 0.06890139  6.21924055]  	19.6634	20 	9  	1.65474 
236	20.8367	[  0.38200958  46.13861386]	[  0.44545455  60.        ]	[ 0.05825243  3.        ]  	[ 0.06910347  5.99839864]  	19.6634	20 	8  	1.82544 
237	20.4656	[  0.3832289   46.14851485]	[  0.44545455  56.        ]	[ 0.11650485  6.        ]  	[ 0.06628202  6.27486916]  	19.4653	20 	8  	2.29319 
238	20.5094	[  0.39816386  46.56435644]	[  0.44545455  59.        ]	[  0.14521452  21.        ]	[ 0.05665321  4.44195979]  	19.7327	20 	8  	1.34893 
239	20.6443	[  0.3986119   47.24752475]	[  0.44545455  63.        ]	[  0.14253394  20.        ]	[ 0.0594528   4.73747633]  	19.6832	20 	8  	1.68235 
240	20.9058	[  0.39022155  46.8019802 ]	[  0.44545455  62.        ]	[ 0.  0.]                  	[ 0.07605737  6.7398913 ]  	19.4257	20 	6  	2.4428  
241	21.5004	[  0.38302429  47.23762376]	[  0.44545455  62.        ]	[ 0.  0.]                  	[ 0.08292589  7.49012355]  	19.8119	20 	8  	1.20816 
242	21.2118	[  0.3966688   47.99009901]	[  0.44545455  64.        ]	[  0.13319459  36.        ]	[ 0.06369635  3.62470907]  	19.8119	20 	8  	1.2325  
243	20.5161	[  0.37985005  46.18811881]	[  0.44545455  59.        ]	[ 0.  0.]                  	[ 0.079279    7.56975858]  	19.4554	20 	8  	2.24942 
244	21.145 	[  0.38967323  47.5049505 ]	[  0.44545455  55.        ]	[  0.16906475  25.        ]	[ 0.0607322   4.17826475]  	19.5248	20 	8  	1.99799 
245	20.7487	[  0.39254381  47.13861386]	[  0.44545455  59.        ]	[ 0.  0.]                  	[ 0.06530026  5.74375201]  	19.6634	20 	8  	1.70193 
246	21.0007	[  0.39888755  47.42574257]	[  0.44545455  63.        ]	[  0.13277134  23.        ]	[ 0.05985582  4.50158726]  	19.6634	20 	8  	1.70193 
247	21.0492	[  0.38929253  46.06930693]	[  0.44545455  62.        ]	[ 0.02898551  1.        ]  	[ 0.07922578  8.70217615]  	19.5941	20 	8  	1.86249 
248	20.9784	[  0.39195087  47.31683168]	[  0.44545455  64.        ]	[ 0.03703704  2.        ]  	[ 0.07318401  6.02294407]  	19.8218	20 	8  	1.20556 
249	21.6996	[  0.39473104  46.32673267]	[  0.44545455  53.        ]	[ 0.02083333  1.        ]  	[ 0.06506518  6.8623076 ]  	19.7822	20 	9  	1.12227 
250	21.3438	[  0.38285203  45.59405941]	[  0.44545455  57.        ]	[ 0.03809524  2.        ]  	[ 0.08261862  9.78398188]  	19.6535	20 	6  	1.8263  
251	21.0361	[  0.39420873  47.46534653]	[  0.44954128  62.        ]	[  0.13303769  18.        ]	[ 0.06423883  5.48185911]  	19.6337	20 	3  	1.71032 
252	20.6737	[  0.39326785  46.32673267]	[  0.44954128  60.        ]	[ 0.  0.]                  	[ 0.0762921   7.91678116]  	19.5149	20 	8  	1.5196  
253	20.9702	[  0.39680842  47.00990099]	[  0.44954128  53.        ]	[  0.17153285  24.        ]	[ 0.05295459  3.84732143]  	19.5149	20 	8  	1.63873 
254	21.1747	[  0.39998711  46.74257426]	[  0.44954128  60.        ]	[  0.13129103  16.        ]	[ 0.05816647  5.17735638]  	19.5446	20 	8  	1.69755 
255	21.1006	[  0.38332711  46.30693069]	[  0.44954128  57.        ]	[ 0.02272727  1.        ]  	[ 0.09553913  9.80174017]  	19.6733	20 	8  	1.24367 
256	21.2906	[  0.40642599  47.79207921]	[  0.44954128  58.        ]	[  0.15283267  28.        ]	[ 0.05086257  3.33987855]  	19.7426	20 	9  	1.14021 
257	21.2093	[  0.40258992  46.32673267]	[  0.44954128  53.        ]	[ 0.08080808  4.        ]  	[ 0.05644213  6.34816401]  	19.8614	20 	18 	0.373098
258	21.1478	[  0.40646771  47.28712871]	[  0.44954128  54.        ]	[  0.15292354  17.        ]	[ 0.0549754   4.64019595]  	19.6634	20 	8  	1.35907 
259	20.7084	[  0.39787906  47.40594059]	[  0.44954128  62.        ]	[  0.13570634  17.        ]	[ 0.06630263  5.26557702]  	19.6436	20 	10 	1.15685 
260	21.1364	[  0.40333703  46.36633663]	[  0.44954128  53.        ]	[ 0.09876543  4.        ]  	[ 0.05581641  6.29745001]  	19.7822	20 	8  	1.21544 
261	21.5683	[  0.39338579  47.08910891]	[  0.44954128  62.        ]	[ 0.05042017  3.        ]  	[ 0.08034712  7.53486814]  	19.8911	20 	18 	0.341835
262	20.4931	[  0.38136432  48.34653465]	[  0.44954128  64.        ]	[  0.12820513  30.        ]	[ 0.09044563  4.84499465]  	19.3663	20 	7  	2.48848 
263	21.3691	[  0.39158473  47.14851485]	[  0.44954128  61.        ]	[  0.1509901  18.       ]  	[ 0.06238307  5.61360818]  	19.8416	20 	8  	1.2001  
264	21.321 	[  0.39580989  45.75247525]	[  0.44954128  57.        ]	[ 0.07142857  3.        ]  	[ 0.06752586  8.20577669]  	19.8713	20 	8  	1.19125 
265	21.1062	[  0.3971601   47.51485149]	[  0.44954128  58.        ]	[  0.17033774  30.        ]	[ 0.05728761  3.7194002 ]  	19.7624	20 	8  	1.54246 
266	20.6576	[  0.39625616  47.40594059]	[  0.44954128  63.        ]	[ 0.1025641  6.       ]    	[ 0.07613534  6.3028804 ]  	19.5347	20 	8  	2.12745 
267	21.0967	[  0.39681701  46.6039604 ]	[  0.44954128  58.        ]	[ 0.0776699  4.       ]    	[ 0.07750841  8.15940107]  	19.7327	20 	9  	1.54081 
268	20.3061	[  0.39686742  47.16831683]	[  0.44954128  59.        ]	[  0.13096559  10.        ]	[ 0.07376258  4.61609176]  	19.4257	20 	8  	2.31374 
269	21.3103	[  0.40023902  46.8019802 ]	[  0.44954128  61.        ]	[ 0.14814815  8.        ]  	[ 0.05839035  5.56513155]  	19.8119	20 	8  	1.20816 
270	21.0594	[  0.39928322  46.2970297 ]	[  0.44954128  64.        ]	[ 0.07936508  5.        ]  	[ 0.05932635  6.5740934 ]  	19.9604	20 	19 	0.195027
271	20.4921	[  0.393492    45.55445545]	[  0.44954128  60.        ]	[ 0.02739726  1.        ]  	[ 0.07955665  8.73988836]  	19.604 	20 	8  	1.98549 
272	20.5443	[  0.39761669  46.77227723]	[  0.44954128  57.        ]	[ 0.  0.]                  	[ 0.06644073  6.49277007]  	19.7228	20 	9  	1.54227 
273	20.4004	[  0.40763386  47.10891089]	[  0.4516129  61.       ]  	[  0.12952799  11.        ]	[ 0.06185254  5.22920396]  	19.6733	20 	5  	1.89898 
274	20.6484	[  0.40334047  47.28712871]	[  0.4516129  56.       ]  	[ 0.05063291  2.        ]  	[ 0.06330886  5.5799085 ]  	19.8416	20 	8  	1.2001  
275	21.0305	[  0.41886132  47.        ]	[  0.4516129  51.       ]  	[ 0.14583333  7.        ]  	[ 0.04183551  4.84001473]  	19.9703	20 	19 	0.169767
276	20.9127	[  0.40849059  47.53465347]	[  0.4516129  63.       ]  	[  0.13172338  30.        ]	[ 0.06224331  4.39748883]  	19.9604	20 	19 	0.195027
277	21.5596	[  0.39585519  46.6039604 ]	[  0.4516129  58.       ]  	[ 0.04285714  3.        ]  	[ 0.0737874   7.22218695]  	19.8317	20 	8  	1.20288 
278	20.8438	[  0.40303499  46.93069307]	[  0.4516129  58.       ]  	[  0.16727273  21.        ]	[ 0.06173574  4.61005665]  	19.604 	20 	8  	1.98549 
279	21.8991	[  0.41051714  47.3960396 ]	[  0.4516129  57.       ]  	[ 0.1294964  9.       ]    	[ 0.06319395  4.87888806]  	19.7327	20 	8  	1.67622 
280	21.5695	[  0.40471811  47.45544554]	[  0.4537037  62.       ]  	[  0.12903226  10.        ]	[ 0.06447654  5.67175519]  	19.8119	20 	11 	1.07825 
281	21.4967	[  0.40233333  47.16831683]	[  0.4537037  63.       ]  	[ 0.10917031  8.        ]  	[ 0.07674329  6.63036714]  	19.703 	20 	11 	1.47953 
282	21.5355	[  0.40609628  46.98019802]	[  0.4537037  57.       ]  	[  0.17153285  16.        ]	[ 0.05889135  5.11449154]  	19.604 	20 	8  	2.0396  
283	21.1387	[  0.41555041  47.30693069]	[  0.4537037  56.       ]  	[ 0.15384615  8.        ]  	[ 0.05787584  4.82309332]  	19.6733	20 	8  	1.82452 
284	22.0406	[  0.41033415  46.71287129]	[  0.4537037  63.       ]  	[  0.13592233  12.        ]	[ 0.06547428  6.75796067]  	19.8812	20 	8  	1.18812 
285	22.1192	[  0.41217759  47.89108911]	[  0.4537037  62.       ]  	[ 0.  0.]                  	[ 0.07302692  5.90334859]  	19.8812	20 	8  	1.18812 
286	21.5014	[  0.40660403  47.36633663]	[  0.4537037  62.       ]  	[ 0.02150538  1.        ]  	[ 0.08035649  5.89297748]  	19.6535	20 	8  	1.98228 
287	21.8183	[  0.39967676  47.59405941]	[  0.4537037  58.       ]  	[ 0.06122449  3.        ]  	[ 0.07599537  5.54580962]  	19.6238	20 	8  	2.0385  
288	21.6488	[  0.41190877  47.63366337]	[  0.4537037  59.       ]  	[ 0.13846154  9.        ]  	[ 0.06345636  4.60460977]  	19.7129	20 	8  	1.67885 
289	22.0039	[  0.41644415  47.58415842]	[  0.4537037  52.       ]  	[ 0.11235955  5.        ]  	[ 0.05476563  4.81184044]  	19.7624	20 	8  	1.48356 
290	21.5522	[  0.41514985  47.14851485]	[  0.4537037  54.       ]  	[ 0.04444444  2.        ]  	[ 0.05821917  5.57644647]  	19.8515	20 	8  	1.19724 
291	22.1071	[  0.42070257  47.56435644]	[  0.4537037  57.       ]  	[  0.25733634  30.        ]	[ 0.04014892  3.2255657 ]  	19.9703	20 	19 	0.169767
292	21.6122	[  0.39952239  45.69306931]	[  0.4537037  62.       ]  	[ 0.04255319  2.        ]  	[ 0.08061067  8.40761392]  	19.6436	20 	8  	1.93244 
293	21.6157	[  0.40722335  46.53465347]	[  0.4537037  56.       ]  	[ 0.02439024  1.        ]  	[ 0.06673603  5.64557894]  	19.6634	20 	8  	1.93087 
294	21.8608	[  0.41011529  47.44554455]	[  0.4537037  63.       ]  	[  0.13548387  24.        ]	[ 0.05876689  4.55434782]  	19.7525	20 	8  	1.67336 
295	21.7791	[  0.41785031  47.53465347]	[  0.4537037  59.       ]  	[ 0.10309278  5.        ]  	[ 0.05775579  5.09817354]  	19.8614	20 	8  	1.19429 
296	22.4162	[  0.41748128  46.73267327]	[  0.4587156  58.       ]  	[ 0.18367347  9.        ]  	[ 0.05212771  6.28197341]  	20     	20 	20 	0       
297	21.2161	[  0.41346465  47.18811881]	[  0.4587156  52.       ]  	[  0.17153285  20.        ]	[ 0.05814085  3.93691056]  	19.6238	20 	8  	2.0385  
298	21.8306	[  0.40589217  47.62376238]	[  0.4587156  57.       ]  	[ 0.02272727  1.        ]  	[ 0.06839718  5.51478927]  	19.7624	20 	8  	1.67183 
299	22.2009	[  0.4041248   47.45544554]	[  0.4587156  64.       ]  	[ 0.08163265  4.        ]  	[ 0.06782117  5.97275125]  	19.7624	20 	8  	1.54246 